218.59261482495714
203.05831364608545
200.82775208348963
192.90124901585992
183.87370646351633
181.2671523155682
168.01284240715867
165.69828515663312
160.19313915073263
157.75935185138076
143.20685472693907
134.55173687736146
130.3519174051163
122.13260016639114
113.6061622297273
112.20846189000682
96.52323764111209
93.02748005502016
86.20165786665977
80.65327365419286
73.64047284674201
67.11992792608225
62.118967813798484
52.05072231439268
47.18097186788781
34.984444171452516
26.126852959021285
19.37589071654274
8.549758223665334
0.1
